Pcp_File_Version=4
*** BLOCK I: ATMOSPHERIC INFORMATION  **********************************
MaxAL (MaxAL = number of atmospheric data-records)
731
lDailyVar lSinusVar lLai lBCCycles lInterc 
f f f f f
hCritS (max. allowed pressure head at the soil surface)
0
 tAtm  Prec     rSoil     rRoot    hCritA  rB  hB  ht  tTop  tBot  Ampl  cTop  cBot
    1  0.51  0.000000  0.014645  100000.0   0   0   0     0     0     0     0     0
    2  0.02  0.000000  0.018425  100000.0   0   0   0     0     0     0     0     0
    3  0.00  0.033944  0.031326  100000.0   0   0   0     0     0     0     0     0
    4  0.00  0.000000  0.027483  100000.0   0   0   0     0     0     0     0     0
    5  0.00  0.033578  0.022512  100000.0   0   0   0     0     0     0     0     0
    6  0.00  0.037131  0.027790  100000.0   0   0   0     0     0     0     0     0
    7  0.00  0.061359  0.019826  100000.0   0   0   0     0     0     0     0     0
    8  0.00  0.045805  0.017215  100000.0   0   0   0     0     0     0     0     0
    9  0.00  0.040648  0.022866  100000.0   0   0   0     0     0     0     0     0
   10  0.00  0.057954  0.021750  100000.0   0   0   0     0     0     0     0     0
   11  0.00  0.050457  0.043371  100000.0   0   0   0     0     0     0     0     0
   12  0.00  0.000000  0.069531  100000.0   0   0   0     0     0     0     0     0
   13  0.00  0.046673  0.030276  100000.0   0   0   0     0     0     0     0     0
   14  0.00  0.050318  0.032631  100000.0   0   0   0     0     0     0     0     0
   15  0.00  0.070920  0.017794  100000.0   0   0   0     0     0     0     0     0
   16  0.00  0.052326  0.019025  100000.0   0   0   0     0     0     0     0     0
   17  0.00  0.050366  0.026605  100000.0   0   0   0     0     0     0     0     0
   18  0.00  0.000000  0.039759  100000.0   0   0   0     0     0     0     0     0
   19  0.37  0.000000  0.033189  100000.0   0   0   0     0     0     0     0     0
   20  0.00  0.000000  0.000000  100000.0   0   0   0     0     0     0     0     0
   21  0.00  0.051276  0.044170  100000.0   0   0   0     0     0     0     0     0
   22  0.13  0.000000  0.014013  100000.0   0   0   0     0     0     0     0     0
   23  1.88  0.000000  0.000000  100000.0   0   0   0     0     0     0     0     0
   24  0.95  0.000000  0.019329  100000.0   0   0   0     0     0     0     0     0
   25  0.00  0.018481  0.028656  100000.0   0   0   0     0     0     0     0     0
   26  0.01  0.034015  0.023305  100000.0   0   0   0     0     0     0     0     0
   27  0.00  0.045748  0.026147  100000.0   0   0   0     0     0     0     0     0
   28  0.00  0.030968  0.042048  100000.0   0   0   0     0     0     0     0     0
   29  0.00  0.000000  0.069955  100000.0   0   0   0     0     0     0     0     0
   30  0.00  0.073456  0.044515  100000.0   0   0   0     0     0     0     0     0
   31  0.00  0.069531  0.039524  100000.0   0   0   0     0     0     0     0     0
   32  0.00  0.000000  0.093856  100000.0   0   0   0     0     0     0     0     0
   33  0.00  0.046714  0.053362  100000.0   0   0   0     0     0     0     0     0
   34  0.00  0.000000  0.074428  100000.0   0   0   0     0     0     0     0     0
   35  0.00  0.016725  0.090772  100000.0   0   0   0     0     0     0     0     0
   36  0.00  0.076407  0.048125  100000.0   0   0   0     0     0     0     0     0
   37  0.06  0.048629  0.058645  100000.0   0   0   0     0     0     0     0     0
   38  0.21  0.000000  0.036519  100000.0   0   0   0     0     0     0     0     0
   39  0.00  0.000000  0.084855  100000.0   0   0   0     0     0     0     0     0
   40  0.04  0.007738  0.067000  100000.0   0   0   0     0     0     0     0     0
   41  0.00  0.051415  0.067845  100000.0   0   0   0     0     0     0     0     0
   42  0.00  0.014817  0.065509  100000.0   0   0   0     0     0     0     0     0
   43  0.68  0.000000  0.075419  100000.0   0   0   0     0     0     0     0     0
   44  1.59  0.000000  0.089685  100000.0   0   0   0     0     0     0     0     0
   45  0.00  0.024717  0.121360  100000.0   0   0   0     0     0     0     0     0
   46  0.03  0.000000  0.072230  100000.0   0   0   0     0     0     0     0     0
   47  0.00  0.000000  0.068788  100000.0   0   0   0     0     0     0     0     0
   48  0.00  0.006142  0.068422  100000.0   0   0   0     0     0     0     0     0
   49  0.00  0.000000  0.047698  100000.0   0   0   0     0     0     0     0     0
   50  0.00  0.019818  0.087283  100000.0   0   0   0     0     0     0     0     0
   51  0.00  0.062729  0.088760  100000.0   0   0   0     0     0     0     0     0
   52  0.00  0.044690  0.106517  100000.0   0   0   0     0     0     0     0     0
   53  0.00  0.031191  0.107202  100000.0   0   0   0     0     0     0     0     0
   54  0.00  0.023440  0.093867  100000.0   0   0   0     0     0     0     0     0
   55  0.00  0.000000  0.065352  100000.0   0   0   0     0     0     0     0     0
   56  0.09  0.000000  0.050851  100000.0   0   0   0     0     0     0     0     0
   57  0.80  0.022503  0.082179  100000.0   0   0   0     0     0     0     0     0
   58  0.00  0.000000  0.086990  100000.0   0   0   0     0     0     0     0     0
   59  0.03  0.000000  0.061654  100000.0   0   0   0     0     0     0     0     0
   60  0.00  0.000000  0.089157  100000.0   0   0   0     0     0     0     0     0
   61  0.18  0.000000  0.064651  100000.0   0   0   0     0     0     0     0     0
   62  0.00  0.000000  0.050037  100000.0   0   0   0     0     0     0     0     0
   63  0.00  0.000000  0.184923  100000.0   0   0   0     0     0     0     0     0
   64  0.00  0.064424  0.128007  100000.0   0   0   0     0     0     0     0     0
   65  0.00  0.000024  0.179572  100000.0   0   0   0     0     0     0     0     0
   66  0.00  0.000000  0.098316  100000.0   0   0   0     0     0     0     0     0
   67  2.26  0.000000  0.029041  100000.0   0   0   0     0     0     0     0     0
   68  0.00  0.000000  0.090794  100000.0   0   0   0     0     0     0     0     0
   69  0.00  0.000000  0.146934  100000.0   0   0   0     0     0     0     0     0
   70  0.00  0.044714  0.154955  100000.0   0   0   0     0     0     0     0     0
   71  0.00  0.063588  0.166720  100000.0   0   0   0     0     0     0     0     0
   72  0.00  0.064251  0.178992  100000.0   0   0   0     0     0     0     0     0
   73  0.00  0.034507  0.207873  100000.0   0   0   0     0     0     0     0     0
   74  0.00  0.046431  0.171826  100000.0   0   0   0     0     0     0     0     0
   75  0.00  0.049194  0.179919  100000.0   0   0   0     0     0     0     0     0
   76  0.00  0.006736  0.178622  100000.0   0   0   0     0     0     0     0     0
   77  0.00  0.000000  0.221715  100000.0   0   0   0     0     0     0     0     0
   78  3.50  0.000000  0.009341  100000.0   0   0   0     0     0     0     0     0
   79  0.91  0.000000  0.066325  100000.0   0   0   0     0     0     0     0     0
   80  0.00  0.025145  0.128977  100000.0   0   0   0     0     0     0     0     0
   81  0.00  0.038447  0.174654  100000.0   0   0   0     0     0     0     0     0
   82  0.41  0.000000  0.111228  100000.0   0   0   0     0     0     0     0     0
   83  2.28  0.000000  0.022017  100000.0   0   0   0     0     0     0     0     0
   84  0.03  0.000000  0.098486  100000.0   0   0   0     0     0     0     0     0
   85  0.01  0.000000  0.123130  100000.0   0   0   0     0     0     0     0     0
   86  0.00  0.000000  0.184190  100000.0   0   0   0     0     0     0     0     0
   87  0.00  0.000000  0.198342  100000.0   0   0   0     0     0     0     0     0
   88  0.00  0.016490  0.193868  100000.0   0   0   0     0     0     0     0     0
   89  0.00  0.000000  0.118914  100000.0   0   0   0     0     0     0     0     0
   90  0.05  0.000000  0.136556  100000.0   0   0   0     0     0     0     0     0
   91  0.07  0.000000  0.137019  100000.0   0   0   0     0     0     0     0     0
   92  0.07  0.012016  0.232473  100000.0   0   0   0     0     0     0     0     0
   93  0.08  0.000000  0.257338  100000.0   0   0   0     0     0     0     0     0
   94  0.14  0.000000  0.073606  100000.0   0   0   0     0     0     0     0     0
   95  0.00  0.051969  0.245917  100000.0   0   0   0     0     0     0     0     0
   96  0.00  0.034689  0.294241  100000.0   0   0   0     0     0     0     0     0
   97  0.20  0.000000  0.271408  100000.0   0   0   0     0     0     0     0     0
   98  0.00  0.000000  0.190391  100000.0   0   0   0     0     0     0     0     0
   99  0.00  0.022755  0.288848  100000.0   0   0   0     0     0     0     0     0
  100  0.00  0.000000  0.294804  100000.0   0   0   0     0     0     0     0     0
  101  0.00  0.023198  0.305767  100000.0   0   0   0     0     0     0     0     0
  102  0.00  0.035664  0.309542  100000.0   0   0   0     0     0     0     0     0
  103  0.00  0.022710  0.341004  100000.0   0   0   0     0     0     0     0     0
  104  0.00  0.030160  0.341323  100000.0   0   0   0     0     0     0     0     0
  105  0.00  0.020497  0.351844  100000.0   0   0   0     0     0     0     0     0
  106  0.00  0.009912  0.332988  100000.0   0   0   0     0     0     0     0     0
  107  0.00  0.005778  0.359075  100000.0   0   0   0     0     0     0     0     0
  108  0.00  0.000000  0.158570  100000.0   0   0   0     0     0     0     0     0
  109  0.00  0.003508  0.326358  100000.0   0   0   0     0     0     0     0     0
  110  0.00  0.000000  0.349139  100000.0   0   0   0     0     0     0     0     0
  111  0.00  0.012679  0.334522  100000.0   0   0   0     0     0     0     0     0
  112  0.00  0.029382  0.336055  100000.0   0   0   0     0     0     0     0     0
  113  0.00  0.004622  0.366821  100000.0   0   0   0     0     0     0     0     0
  114  0.00  0.000000  0.122326  100000.0   0   0   0     0     0     0     0     0
  115  0.18  0.000000  0.278040  100000.0   0   0   0     0     0     0     0     0
  116  0.00  0.020311  0.354759  100000.0   0   0   0     0     0     0     0     0
  117  0.00  0.010491  0.377224  100000.0   0   0   0     0     0     0     0     0
  118  0.00  0.026948  0.400304  100000.0   0   0   0     0     0     0     0     0
  119  0.03  0.000000  0.346536  100000.0   0   0   0     0     0     0     0     0
  120  0.00  0.000000  0.318514  100000.0   0   0   0     0     0     0     0     0
  121  0.00  0.000000  0.282117  100000.0   0   0   0     0     0     0     0     0
  122  0.00  0.000000  0.322959  100000.0   0   0   0     0     0     0     0     0
  123  0.00  0.000000  0.270078  100000.0   0   0   0     0     0     0     0     0
  124  2.77  0.000000  0.137203  100000.0   0   0   0     0     0     0     0     0
  125  0.07  0.000000  0.263259  100000.0   0   0   0     0     0     0     0     0
  126  0.35  0.000000  0.323084  100000.0   0   0   0     0     0     0     0     0
  127  0.00  0.000000  0.413438  100000.0   0   0   0     0     0     0     0     0
  128  0.19  0.000000  0.277367  100000.0   0   0   0     0     0     0     0     0
  129  0.09  0.000000  0.237306  100000.0   0   0   0     0     0     0     0     0
  130  0.00  0.000000  0.344592  100000.0   0   0   0     0     0     0     0     0
  131  0.00  0.000000  0.460826  100000.0   0   0   0     0     0     0     0     0
  132  1.50  0.000000  0.236708  100000.0   0   0   0     0     0     0     0     0
  133  0.00  0.000000  0.367688  100000.0   0   0   0     0     0     0     0     0
  134  0.00  0.000000  0.476826  100000.0   0   0   0     0     0     0     0     0
  135  1.70  0.000000  0.067324  100000.0   0   0   0     0     0     0     0     0
  136  0.00  0.000000  0.174008  100000.0   0   0   0     0     0     0     0     0
  137  0.30  0.000000  0.322970  100000.0   0   0   0     0     0     0     0     0
  138  0.00  0.000000  0.413624  100000.0   0   0   0     0     0     0     0     0
  139  0.00  0.018274  0.396194  100000.0   0   0   0     0     0     0     0     0
  140  0.82  0.000000  0.325011  100000.0   0   0   0     0     0     0     0     0
  141  0.01  0.006437  0.461009  100000.0   0   0   0     0     0     0     0     0
  142  0.10  0.000000  0.426779  100000.0   0   0   0     0     0     0     0     0
  143  0.22  0.000000  0.279881  100000.0   0   0   0     0     0     0     0     0
  144  0.01  0.027226  0.471900  100000.0   0   0   0     0     0     0     0     0
  145  0.00  0.000000  0.474052  100000.0   0   0   0     0     0     0     0     0
  146  0.00  0.000000  0.493411  100000.0   0   0   0     0     0     0     0     0
  147  0.26  0.000000  0.371122  100000.0   0   0   0     0     0     0     0     0
  148  1.01  0.000000  0.280264  100000.0   0   0   0     0     0     0     0     0
  149  2.29  0.000000  0.322000  100000.0   0   0   0     0     0     0     0     0
  150  0.57  0.000000  0.186509  100000.0   0   0   0     0     0     0     0     0
  151  0.00  0.039512  0.450075  100000.0   0   0   0     0     0     0     0     0
  152  0.00  0.000000  0.386140  100000.0   0   0   0     0     0     0     0     0
  153  0.00  0.000000  0.269214  100000.0   0   0   0     0     0     0     0     0
  154  0.00  0.001751  0.446292  100000.0   0   0   0     0     0     0     0     0
  155  0.18  0.000000  0.279670  100000.0   0   0   0     0     0     0     0     0
  156  2.85  0.000000  0.214002  100000.0   0   0   0     0     0     0     0     0
  157  0.15  0.000000  0.260111  100000.0   0   0   0     0     0     0     0     0
  158  0.01  0.000000  0.300443  100000.0   0   0   0     0     0     0     0     0
  159  0.20  0.000000  0.405139  100000.0   0   0   0     0     0     0     0     0
  160  0.00  0.017363  0.496407  100000.0   0   0   0     0     0     0     0     0
  161  0.00  0.000000  0.440532  100000.0   0   0   0     0     0     0     0     0
  162  0.00  0.000000  0.433425  100000.0   0   0   0     0     0     0     0     0
  163  0.87  0.000000  0.391008  100000.0   0   0   0     0     0     0     0     0
  164  0.00  0.022983  0.508194  100000.0   0   0   0     0     0     0     0     0
  165  0.00  0.000000  0.509266  100000.0   0   0   0     0     0     0     0     0
  166  0.00  0.000000  0.507578  100000.0   0   0   0     0     0     0     0     0
  167  0.04  0.000000  0.494345  100000.0   0   0   0     0     0     0     0     0
  168  0.00  0.000000  0.515672  100000.0   0   0   0     0     0     0     0     0
  169  0.05  0.000000  0.431086  100000.0   0   0   0     0     0     0     0     0
  170  0.00  0.000000  0.487514  100000.0   0   0   0     0     0     0     0     0
  171  0.00  0.000000  0.519620  100000.0   0   0   0     0     0     0     0     0
  172  0.00  0.000000  0.520339  100000.0   0   0   0     0     0     0     0     0
  173  0.00  0.000000  0.468570  100000.0   0   0   0     0     0     0     0     0
  174  0.31  0.000000  0.258382  100000.0   0   0   0     0     0     0     0     0
  175  0.00  0.000000  0.507186  100000.0   0   0   0     0     0     0     0     0
  176  0.00  0.000000  0.536185  100000.0   0   0   0     0     0     0     0     0
  177  0.02  0.000000  0.223447  100000.0   0   0   0     0     0     0     0     0
  178  0.62  0.000000  0.196393  100000.0   0   0   0     0     0     0     0     0
  179  0.47  0.000000  0.393204  100000.0   0   0   0     0     0     0     0     0
  180  0.00  0.000000  0.388864  100000.0   0   0   0     0     0     0     0     0
  181  0.67  0.000000  0.397491  100000.0   0   0   0     0     0     0     0     0
  182  0.00  0.000000  0.529200  100000.0   0   0   0     0     0     0     0     0
  183  0.00  0.000000  0.380394  100000.0   0   0   0     0     0     0     0     0
  184  0.19  0.000000  0.456023  100000.0   0   0   0     0     0     0     0     0
  185  2.61  0.000000  0.047104  100000.0   0   0   0     0     0     0     0     0
  186  0.03  0.000000  0.387122  100000.0   0   0   0     0     0     0     0     0
  187  0.00  0.000000  0.331523  100000.0   0   0   0     0     0     0     0     0
  188  0.06  0.000000  0.438388  100000.0   0   0   0     0     0     0     0     0
  189  0.03  0.000000  0.442041  100000.0   0   0   0     0     0     0     0     0
  190  1.89  0.000000  0.422864  100000.0   0   0   0     0     0     0     0     0
  191  2.27  0.000000  0.240128  100000.0   0   0   0     0     0     0     0     0
  192  0.00  0.000000  0.365120  100000.0   0   0   0     0     0     0     0     0
  193  0.08  0.002549  0.391327  100000.0   0   0   0     0     0     0     0     0
  194  0.00  0.000000  0.461216  100000.0   0   0   0     0     0     0     0     0
  195  0.00  0.014237  0.529126  100000.0   0   0   0     0     0     0     0     0
  196  0.00  0.000000  0.561439  100000.0   0   0   0     0     0     0     0     0
  197  0.00  0.011772  0.578833  100000.0   0   0   0     0     0     0     0     0
  198  0.00  0.000000  0.565503  100000.0   0   0   0     0     0     0     0     0
  199  0.00  0.005866  0.561498  100000.0   0   0   0     0     0     0     0     0
  200  0.00  0.005508  0.535434  100000.0   0   0   0     0     0     0     0     0
  201  0.00  0.000000  0.572907  100000.0   0   0   0     0     0     0     0     0
  202  0.00  0.000000  0.533784  100000.0   0   0   0     0     0     0     0     0
  203  0.00  0.000000  0.516176  100000.0   0   0   0     0     0     0     0     0
  204  0.00  0.000000  0.485077  100000.0   0   0   0     0     0     0     0     0
  205  0.81  0.000000  0.340675  100000.0   0   0   0     0     0     0     0     0
  206  0.00  0.003783  0.488291  100000.0   0   0   0     0     0     0     0     0
  207  0.00  0.004783  0.513744  100000.0   0   0   0     0     0     0     0     0
  208  0.01  0.000000  0.446901  100000.0   0   0   0     0     0     0     0     0
  209  0.50  0.000000  0.439602  100000.0   0   0   0     0     0     0     0     0
  210  0.08  0.000000  0.346041  100000.0   0   0   0     0     0     0     0     0
  211  4.00  0.000000  0.055848  100000.0   0   0   0     0     0     0     0     0
  212  0.00  0.004461  0.396793  100000.0   0   0   0     0     0     0     0     0
  213  0.00  0.031752  0.431255  100000.0   0   0   0     0     0     0     0     0
  214  0.00  0.028959  0.439374  100000.0   0   0   0     0     0     0     0     0
  215  0.93  0.000000  0.138933  100000.0   0   0   0     0     0     0     0     0
  216  0.00  0.000000  0.404647  100000.0   0   0   0     0     0     0     0     0
  217  0.00  0.009198  0.450222  100000.0   0   0   0     0     0     0     0     0
  218  0.00  0.030999  0.442419  100000.0   0   0   0     0     0     0     0     0
  219  0.26  0.000000  0.418145  100000.0   0   0   0     0     0     0     0     0
  220  0.00  0.000000  0.335387  100000.0   0   0   0     0     0     0     0     0
  221  0.37  0.000000  0.294790  100000.0   0   0   0     0     0     0     0     0
  222  0.46  0.000000  0.159346  100000.0   0   0   0     0     0     0     0     0
  223  0.94  0.000000  0.148095  100000.0   0   0   0     0     0     0     0     0
  224  0.02  0.000000  0.275806  100000.0   0   0   0     0     0     0     0     0
  225  0.02  0.005717  0.394193  100000.0   0   0   0     0     0     0     0     0
  226  0.00  0.000000  0.437902  100000.0   0   0   0     0     0     0     0     0
  227  0.00  0.027677  0.454807  100000.0   0   0   0     0     0     0     0     0
  228  0.00  0.040259  0.453673  100000.0   0   0   0     0     0     0     0     0
  229  2.00  0.000000  0.337700  100000.0   0   0   0     0     0     0     0     0
  230  0.04  0.019577  0.357052  100000.0   0   0   0     0     0     0     0     0
  231  0.00  0.014949  0.328283  100000.0   0   0   0     0     0     0     0     0
  232  1.84  0.000000  0.103198  100000.0   0   0   0     0     0     0     0     0
  233  0.00  0.000000  0.323805  100000.0   0   0   0     0     0     0     0     0
  234  2.25  0.000000  0.381606  100000.0   0   0   0     0     0     0     0     0
  235  1.14  0.000000  0.188033  100000.0   0   0   0     0     0     0     0     0
  236  0.00  0.027197  0.346223  100000.0   0   0   0     0     0     0     0     0
  237  0.01  0.010477  0.312699  100000.0   0   0   0     0     0     0     0     0
  238  0.00  0.009249  0.390814  100000.0   0   0   0     0     0     0     0     0
  239  0.00  0.017070  0.370981  100000.0   0   0   0     0     0     0     0     0
  240  0.13  0.000000  0.240538  100000.0   0   0   0     0     0     0     0     0
  241  1.18  0.000000  0.062330  100000.0   0   0   0     0     0     0     0     0
  242  0.69  0.000000  0.034808  100000.0   0   0   0     0     0     0     0     0
  243  0.00  0.000000  0.120102  100000.0   0   0   0     0     0     0     0     0
  244  0.07  0.008102  0.269633  100000.0   0   0   0     0     0     0     0     0
  245  0.00  0.023198  0.260156  100000.0   0   0   0     0     0     0     0     0
  246  0.07  0.000000  0.313909  100000.0   0   0   0     0     0     0     0     0
  247  2.26  0.000000  0.087535  100000.0   0   0   0     0     0     0     0     0
  248  0.10  0.000000  0.151222  100000.0   0   0   0     0     0     0     0     0
  249  0.45  0.000000  0.058143  100000.0   0   0   0     0     0     0     0     0
  250  2.75  0.000000  0.054197  100000.0   0   0   0     0     0     0     0     0
  251  0.00  0.015407  0.236395  100000.0   0   0   0     0     0     0     0     0
  252  0.00  0.000000  0.240414  100000.0   0   0   0     0     0     0     0     0
  253  0.00  0.017435  0.239447  100000.0   0   0   0     0     0     0     0     0
  254  0.07  0.002186  0.296352  100000.0   0   0   0     0     0     0     0     0
  255  0.00  0.000000  0.251001  100000.0   0   0   0     0     0     0     0     0
  256  0.00  0.064869  0.272055  100000.0   0   0   0     0     0     0     0     0
  257  0.00  0.067989  0.264145  100000.0   0   0   0     0     0     0     0     0
  258  0.00  0.000000  0.180162  100000.0   0   0   0     0     0     0     0     0
  259  0.00  0.062953  0.269620  100000.0   0   0   0     0     0     0     0     0
  260  0.00  0.022970  0.213393  100000.0   0   0   0     0     0     0     0     0
  261  4.08  0.000000  0.016310  100000.0   0   0   0     0     0     0     0     0
  262  0.00  0.049283  0.208004  100000.0   0   0   0     0     0     0     0     0
  263  0.00  0.073214  0.222616  100000.0   0   0   0     0     0     0     0     0
  264  0.00  0.071653  0.215923  100000.0   0   0   0     0     0     0     0     0
  265  0.00  0.074924  0.211706  100000.0   0   0   0     0     0     0     0     0
  266  0.00  0.065985  0.200837  100000.0   0   0   0     0     0     0     0     0
  267  0.00  0.053212  0.214588  100000.0   0   0   0     0     0     0     0     0
  268  0.00  0.043535  0.175911  100000.0   0   0   0     0     0     0     0     0
  269  0.00  0.000000  0.101575  100000.0   0   0   0     0     0     0     0     0
  270  1.85  0.000000  0.141723  100000.0   0   0   0     0     0     0     0     0
  271  2.99  0.006866  0.189981  100000.0   0   0   0     0     0     0     0     0
  272  0.00  0.019997  0.188911  100000.0   0   0   0     0     0     0     0     0
  273  0.00  0.084249  0.193717  100000.0   0   0   0     0     0     0     0     0
  274  0.00  0.072281  0.186728  100000.0   0   0   0     0     0     0     0     0
  275  0.00  0.069632  0.172524  100000.0   0   0   0     0     0     0     0     0
  276  0.00  0.044035  0.173207  100000.0   0   0   0     0     0     0     0     0
  277  0.00  0.000000  0.064319  100000.0   0   0   0     0     0     0     0     0
  278  0.37  0.010454  0.141615  100000.0   0   0   0     0     0     0     0     0
  279  0.08  0.000000  0.025790  100000.0   0   0   0     0     0     0     0     0
  280  0.00  0.034396  0.131676  100000.0   0   0   0     0     0     0     0     0
  281  0.00  0.090047  0.141718  100000.0   0   0   0     0     0     0     0     0
  282  0.00  0.066062  0.133154  100000.0   0   0   0     0     0     0     0     0
  283  0.00  0.012951  0.106280  100000.0   0   0   0     0     0     0     0     0
  284  0.00  0.037427  0.124004  100000.0   0   0   0     0     0     0     0     0
  285  0.00  0.054430  0.118458  100000.0   0   0   0     0     0     0     0     0
  286  0.00  0.013283  0.115622  100000.0   0   0   0     0     0     0     0     0
  287  0.00  0.085225  0.116385  100000.0   0   0   0     0     0     0     0     0
  288  0.00  0.080106  0.108826  100000.0   0   0   0     0     0     0     0     0
  289  0.00  0.084411  0.108386  100000.0   0   0   0     0     0     0     0     0
  290  0.00  0.071594  0.107113  100000.0   0   0   0     0     0     0     0     0
  291  0.83  0.000000  0.040743  100000.0   0   0   0     0     0     0     0     0
  292  0.02  0.000000  0.117936  100000.0   0   0   0     0     0     0     0     0
  293  0.11  0.000000  0.055388  100000.0   0   0   0     0     0     0     0     0
  294  0.05  0.000000  0.059891  100000.0   0   0   0     0     0     0     0     0
  295  1.15  0.000000  0.012688  100000.0   0   0   0     0     0     0     0     0
  296  1.00  0.000000  0.026956  100000.0   0   0   0     0     0     0     0     0
  297  0.42  0.000000  0.009923  100000.0   0   0   0     0     0     0     0     0
  298  0.00  0.022406  0.066348  100000.0   0   0   0     0     0     0     0     0
  299  0.16  0.000000  0.023362  100000.0   0   0   0     0     0     0     0     0
  300  0.00  0.000000  0.031944  100000.0   0   0   0     0     0     0     0     0
  301  1.11  0.000000  0.033097  100000.0   0   0   0     0     0     0     0     0
  302  0.01  0.050201  0.078878  100000.0   0   0   0     0     0     0     0     0
  303  0.11  0.000000  0.053033  100000.0   0   0   0     0     0     0     0     0
  304  0.00  0.010770  0.079479  100000.0   0   0   0     0     0     0     0     0
  305  0.00  0.073703  0.073098  100000.0   0   0   0     0     0     0     0     0
  306  0.00  0.055578  0.066409  100000.0   0   0   0     0     0     0     0     0
  307  0.00  0.036994  0.061728  100000.0   0   0   0     0     0     0     0     0
  308  0.00  0.000000  0.036600  100000.0   0   0   0     0     0     0     0     0
  309  0.00  0.069698  0.058707  100000.0   0   0   0     0     0     0     0     0
  310  0.00  0.010113  0.054024  100000.0   0   0   0     0     0     0     0     0
  311  0.00  0.035245  0.059868  100000.0   0   0   0     0     0     0     0     0
  312  0.00  0.030197  0.061791  100000.0   0   0   0     0     0     0     0     0
  313  0.51  0.000000  0.019399  100000.0   0   0   0     0     0     0     0     0
  314  0.00  0.000000  0.089230  100000.0   0   0   0     0     0     0     0     0
  315  0.10  0.018194  0.072992  100000.0   0   0   0     0     0     0     0     0
  316  0.00  0.000000  0.095645  100000.0   0   0   0     0     0     0     0     0
  317  0.00  0.042241  0.052455  100000.0   0   0   0     0     0     0     0     0
  318  0.00  0.012399  0.036192  100000.0   0   0   0     0     0     0     0     0
  319  0.00  0.000000  0.038031  100000.0   0   0   0     0     0     0     0     0
  320  0.00  0.009890  0.056434  100000.0   0   0   0     0     0     0     0     0
  321  0.00  0.000000  0.041427  100000.0   0   0   0     0     0     0     0     0
  322  1.03  0.000000  0.009236  100000.0   0   0   0     0     0     0     0     0
  323  0.01  0.000000  0.029030  100000.0   0   0   0     0     0     0     0     0
  324  0.00  0.000000  0.023407  100000.0   0   0   0     0     0     0     0     0
  325  0.00  0.000000  0.027304  100000.0   0   0   0     0     0     0     0     0
  326  0.00  0.000000  0.061324  100000.0   0   0   0     0     0     0     0     0
  327  0.00  0.000000  0.058325  100000.0   0   0   0     0     0     0     0     0
  328  0.00  0.000812  0.047386  100000.0   0   0   0     0     0     0     0     0
  329  1.03  0.000000  0.024629  100000.0   0   0   0     0     0     0     0     0
  330  0.00  0.000000  0.073334  100000.0   0   0   0     0     0     0     0     0
  331  0.00  0.005024  0.046282  100000.0   0   0   0     0     0     0     0     0
  332  0.00  0.040406  0.016419  100000.0   0   0   0     0     0     0     0     0
  333  0.00  0.000000  0.017102  100000.0   0   0   0     0     0     0     0     0
  334  0.00  0.011107  0.023388  100000.0   0   0   0     0     0     0     0     0
  335  0.00  0.038238  0.023024  100000.0   0   0   0     0     0     0     0     0
  336  0.02  0.046266  0.024414  100000.0   0   0   0     0     0     0     0     0
  337  0.45  0.000000  0.016086  100000.0   0   0   0     0     0     0     0     0
  338  0.00  0.025512  0.023091  100000.0   0   0   0     0     0     0     0     0
  339  0.00  0.019926  0.025122  100000.0   0   0   0     0     0     0     0     0
  340  0.00  0.057699  0.013199  100000.0   0   0   0     0     0     0     0     0
  341  0.37  0.000000  0.016424  100000.0   0   0   0     0     0     0     0     0
  342  1.97  0.002381  0.029166  100000.0   0   0   0     0     0     0     0     0
  343  0.32  0.006235  0.023998  100000.0   0   0   0     0     0     0     0     0
  344  0.31  0.000000  0.024892  100000.0   0   0   0     0     0     0     0     0
  345  0.00  0.029625  0.020002  100000.0   0   0   0     0     0     0     0     0
  346  1.12  0.000000  0.009304  100000.0   0   0   0     0     0     0     0     0
  347  0.04  0.027457  0.037067  100000.0   0   0   0     0     0     0     0     0
  348  0.00  0.000000  0.015347  100000.0   0   0   0     0     0     0     0     0
  349  0.24  0.000000  0.031967  100000.0   0   0   0     0     0     0     0     0
  350  0.20  0.000388  0.025158  100000.0   0   0   0     0     0     0     0     0
  351  0.04  0.000000  0.010349  100000.0   0   0   0     0     0     0     0     0
  352  0.00  0.017530  0.015157  100000.0   0   0   0     0     0     0     0     0
  353  0.00  0.030110  0.008565  100000.0   0   0   0     0     0     0     0     0
  354  0.00  0.000000  0.013893  100000.0   0   0   0     0     0     0     0     0
  355  0.00  0.000000  0.011557  100000.0   0   0   0     0     0     0     0     0
  356  0.00  0.000000  0.010969  100000.0   0   0   0     0     0     0     0     0
  357  0.00  0.000000  0.012910  100000.0   0   0   0     0     0     0     0     0
  358  0.00  0.000000  0.014704  100000.0   0   0   0     0     0     0     0     0
  359  0.00  0.007544  0.014926  100000.0   0   0   0     0     0     0     0     0
  360  0.00  0.002363  0.020747  100000.0   0   0   0     0     0     0     0     0
  361  0.00  0.000000  0.010705  100000.0   0   0   0     0     0     0     0     0
  362  0.00  0.000000  0.015520  100000.0   0   0   0     0     0     0     0     0
  363  0.00  0.000000  0.013497  100000.0   0   0   0     0     0     0     0     0
  364  0.00  0.000000  0.011785  100000.0   0   0   0     0     0     0     0     0
  365  0.00  0.011231  0.020443  100000.0   0   0   0     0     0     0     0     0
  366  0.00  0.028405  0.019804  100000.0   0   0   0     0     0     0     0     0
  367  0.00  0.007438  0.021712  100000.0   0   0   0     0     0     0     0     0
  368  0.00  0.000000  0.024723  100000.0   0   0   0     0     0     0     0     0
  369  0.00  0.000000  0.016245  100000.0   0   0   0     0     0     0     0     0
  370  0.00  0.000000  0.010890  100000.0   0   0   0     0     0     0     0     0
  371  0.00  0.007708  0.020505  100000.0   0   0   0     0     0     0     0     0
  372  0.00  0.000781  0.020853  100000.0   0   0   0     0     0     0     0     0
  373  0.00  0.061815  0.011933  100000.0   0   0   0     0     0     0     0     0
  374  0.00  0.024048  0.013916  100000.0   0   0   0     0     0     0     0     0
  375  0.00  0.005403  0.019305  100000.0   0   0   0     0     0     0     0     0
  376  0.00  0.002980  0.020552  100000.0   0   0   0     0     0     0     0     0
  377  0.00  0.001144  0.050222  100000.0   0   0   0     0     0     0     0     0
  378  0.15  0.000000  0.012334  100000.0   0   0   0     0     0     0     0     0
  379  0.00  0.013878  0.029181  100000.0   0   0   0     0     0     0     0     0
  380  0.00  0.000000  0.000000  100000.0   0   0   0     0     0     0     0     0
  381  0.00  0.000000  0.022818  100000.0   0   0   0     0     0     0     0     0
  382  0.15  0.000000  0.017347  100000.0   0   0   0     0     0     0     0     0
  383  0.00  0.000889  0.030201  100000.0   0   0   0     0     0     0     0     0
  384  0.00  0.004968  0.031102  100000.0   0   0   0     0     0     0     0     0
  385  0.00  0.072277  0.035105  100000.0   0   0   0     0     0     0     0     0
  386  0.00  0.042242  0.034746  100000.0   0   0   0     0     0     0     0     0
  387  0.00  0.000000  0.030286  100000.0   0   0   0     0     0     0     0     0
  388  0.00  0.018304  0.064572  100000.0   0   0   0     0     0     0     0     0
  389  0.00  0.068792  0.025060  100000.0   0   0   0     0     0     0     0     0
  390  0.00  0.009852  0.039109  100000.0   0   0   0     0     0     0     0     0
  391  0.00  0.059300  0.036830  100000.0   0   0   0     0     0     0     0     0
  392  0.00  0.000000  0.060282  100000.0   0   0   0     0     0     0     0     0
  393  0.00  0.000000  0.068021  100000.0   0   0   0     0     0     0     0     0
  394  0.00  0.056764  0.040418  100000.0   0   0   0     0     0     0     0     0
  395  0.00  0.022209  0.036986  100000.0   0   0   0     0     0     0     0     0
  396  0.00  0.005617  0.047824  100000.0   0   0   0     0     0     0     0     0
  397  0.00  0.000000  0.045357  100000.0   0   0   0     0     0     0     0     0
  398  0.56  0.000000  0.015289  100000.0   0   0   0     0     0     0     0     0
  399  0.01  0.000000  0.050716  100000.0   0   0   0     0     0     0     0     0
  400  0.00  0.006404  0.042156  100000.0   0   0   0     0     0     0     0     0
  401  0.54  0.000000  0.040027  100000.0   0   0   0     0     0     0     0     0
  402  0.00  0.016980  0.043831  100000.0   0   0   0     0     0     0     0     0
  403  0.00  0.013177  0.101973  100000.0   0   0   0     0     0     0     0     0
  404  0.00  0.026284  0.072520  100000.0   0   0   0     0     0     0     0     0
  405  0.00  0.077660  0.050074  100000.0   0   0   0     0     0     0     0     0
  406  0.00  0.047660  0.059484  100000.0   0   0   0     0     0     0     0     0
  407  0.00  0.045401  0.056131  100000.0   0   0   0     0     0     0     0     0
  408  0.00  0.039342  0.052277  100000.0   0   0   0     0     0     0     0     0
  409  0.00  0.065727  0.055640  100000.0   0   0   0     0     0     0     0     0
  410  0.00  0.000000  0.015020  100000.0   0   0   0     0     0     0     0     0
  411  0.00  0.000000  0.031747  100000.0   0   0   0     0     0     0     0     0
  412  0.00  0.000000  0.091169  100000.0   0   0   0     0     0     0     0     0
  413  0.00  0.035379  0.068887  100000.0   0   0   0     0     0     0     0     0
  414  0.00  0.007686  0.117001  100000.0   0   0   0     0     0     0     0     0
  415  0.00  0.036163  0.109577  100000.0   0   0   0     0     0     0     0     0
  416  0.00  0.071919  0.080562  100000.0   0   0   0     0     0     0     0     0
  417  0.00  0.041545  0.110503  100000.0   0   0   0     0     0     0     0     0
  418  0.00  0.023145  0.094309  100000.0   0   0   0     0     0     0     0     0
  419  0.00  0.031368  0.127480  100000.0   0   0   0     0     0     0     0     0
  420  0.00  0.072198  0.121266  100000.0   0   0   0     0     0     0     0     0
  421  0.00  0.049851  0.147512  100000.0   0   0   0     0     0     0     0     0
  422  0.00  0.048446  0.138341  100000.0   0   0   0     0     0     0     0     0
  423  0.01  0.007877  0.139560  100000.0   0   0   0     0     0     0     0     0
  424  0.03  0.015720  0.115384  100000.0   0   0   0     0     0     0     0     0
  425  0.00  0.014499  0.115301  100000.0   0   0   0     0     0     0     0     0
  426  0.12  0.000000  0.069172  100000.0   0   0   0     0     0     0     0     0
  427  0.02  0.000000  0.177788  100000.0   0   0   0     0     0     0     0     0
  428  0.00  0.000000  0.175157  100000.0   0   0   0     0     0     0     0     0
  429  0.65  0.000000  0.042424  100000.0   0   0   0     0     0     0     0     0
  430  0.07  0.000000  0.056584  100000.0   0   0   0     0     0     0     0     0
  431  0.00  0.002168  0.085244  100000.0   0   0   0     0     0     0     0     0
  432  0.00  0.000000  0.045622  100000.0   0   0   0     0     0     0     0     0
  433  0.35  0.000000  0.061755  100000.0   0   0   0     0     0     0     0     0
  434  0.00  0.010605  0.136055  100000.0   0   0   0     0     0     0     0     0
  435  0.00  0.000000  0.172077  100000.0   0   0   0     0     0     0     0     0
  436  0.21  0.000000  0.071715  100000.0   0   0   0     0     0     0     0     0
  437  0.16  0.000000  0.187261  100000.0   0   0   0     0     0     0     0     0
  438  0.00  0.000000  0.179176  100000.0   0   0   0     0     0     0     0     0
  439  0.00  0.000000  0.141318  100000.0   0   0   0     0     0     0     0     0
  440  0.00  0.027713  0.168513  100000.0   0   0   0     0     0     0     0     0
  441  0.10  0.000000  0.174650  100000.0   0   0   0     0     0     0     0     0
  442  0.11  0.000000  0.177139  100000.0   0   0   0     0     0     0     0     0
  443  0.00  0.000000  0.089934  100000.0   0   0   0     0     0     0     0     0
  444  0.00  0.013979  0.161035  100000.0   0   0   0     0     0     0     0     0
  445  0.00  0.002453  0.162290  100000.0   0   0   0     0     0     0     0     0
  446  0.00  0.000000  0.097849  100000.0   0   0   0     0     0     0     0     0
  447  0.51  0.000000  0.079895  100000.0   0   0   0     0     0     0     0     0
  448  1.06  0.000000  0.105362  100000.0   0   0   0     0     0     0     0     0
  449  0.84  0.000000  0.098273  100000.0   0   0   0     0     0     0     0     0
  450  0.00  0.000000  0.138247  100000.0   0   0   0     0     0     0     0     0
  451  0.00  0.000000  0.155786  100000.0   0   0   0     0     0     0     0     0
  452  0.02  0.000000  0.125469  100000.0   0   0   0     0     0     0     0     0
  453  0.07  0.000000  0.070566  100000.0   0   0   0     0     0     0     0     0
  454  0.02  0.000000  0.186645  100000.0   0   0   0     0     0     0     0     0
  455  0.00  0.049067  0.245621  100000.0   0   0   0     0     0     0     0     0
  456  0.00  0.049502  0.228970  100000.0   0   0   0     0     0     0     0     0
  457  0.00  0.000000  0.205766  100000.0   0   0   0     0     0     0     0     0
  458  0.13  0.000000  0.102254  100000.0   0   0   0     0     0     0     0     0
  459  0.02  0.000000  0.146310  100000.0   0   0   0     0     0     0     0     0
  460  0.00  0.000000  0.142134  100000.0   0   0   0     0     0     0     0     0
  461  0.00  0.005522  0.209045  100000.0   0   0   0     0     0     0     0     0
  462  0.00  0.000000  0.232089  100000.0   0   0   0     0     0     0     0     0
  463  0.60  0.000000  0.135629  100000.0   0   0   0     0     0     0     0     0
  464  0.00  0.000000  0.112073  100000.0   0   0   0     0     0     0     0     0
  465  0.00  0.000000  0.226915  100000.0   0   0   0     0     0     0     0     0
  466  0.00  0.000000  0.304162  100000.0   0   0   0     0     0     0     0     0
  467  0.00  0.000000  0.186102  100000.0   0   0   0     0     0     0     0     0
  468  0.17  0.000000  0.089969  100000.0   0   0   0     0     0     0     0     0
  469  0.00  0.000000  0.179921  100000.0   0   0   0     0     0     0     0     0
  470  0.00  0.010115  0.292358  100000.0   0   0   0     0     0     0     0     0
  471  1.31  0.000000  0.088342  100000.0   0   0   0     0     0     0     0     0
  472  0.00  0.000000  0.219468  100000.0   0   0   0     0     0     0     0     0
  473  0.13  0.000000  0.200549  100000.0   0   0   0     0     0     0     0     0
  474  0.00  0.000000  0.191701  100000.0   0   0   0     0     0     0     0     0
  475  0.44  0.000000  0.251059  100000.0   0   0   0     0     0     0     0     0
  476  0.00  0.000000  0.359661  100000.0   0   0   0     0     0     0     0     0
  477  0.00  0.000000  0.227297  100000.0   0   0   0     0     0     0     0     0
  478  0.00  0.000000  0.214083  100000.0   0   0   0     0     0     0     0     0
  479  0.10  0.000000  0.175173  100000.0   0   0   0     0     0     0     0     0
  480  0.00  0.000000  0.289045  100000.0   0   0   0     0     0     0     0     0
  481  0.20  0.000000  0.224551  100000.0   0   0   0     0     0     0     0     0
  482  0.05  0.000000  0.238756  100000.0   0   0   0     0     0     0     0     0
  483  0.00  0.028811  0.362713  100000.0   0   0   0     0     0     0     0     0
  484  0.00  0.000000  0.379268  100000.0   0   0   0     0     0     0     0     0
  485  0.00  0.000000  0.162729  100000.0   0   0   0     0     0     0     0     0
  486  0.00  0.000000  0.255438  100000.0   0   0   0     0     0     0     0     0
  487  0.28  0.000000  0.231495  100000.0   0   0   0     0     0     0     0     0
  488  0.02  0.007434  0.393743  100000.0   0   0   0     0     0     0     0     0
  489  0.24  0.000000  0.326138  100000.0   0   0   0     0     0     0     0     0
  490  0.03  0.010254  0.364026  100000.0   0   0   0     0     0     0     0     0
  491  0.76  0.000000  0.254125  100000.0   0   0   0     0     0     0     0     0
  492  0.10  0.000000  0.274528  100000.0   0   0   0     0     0     0     0     0
  493  0.00  0.000000  0.342426  100000.0   0   0   0     0     0     0     0     0
  494  0.00  0.003477  0.446614  100000.0   0   0   0     0     0     0     0     0
  495  0.00  0.000000  0.367280  100000.0   0   0   0     0     0     0     0     0
  496  0.00  0.000000  0.303180  100000.0   0   0   0     0     0     0     0     0
  497  0.00  0.000000  0.332539  100000.0   0   0   0     0     0     0     0     0
  498  0.00  0.000000  0.407513  100000.0   0   0   0     0     0     0     0     0
  499  0.00  0.000000  0.404445  100000.0   0   0   0     0     0     0     0     0
  500  0.00  0.000000  0.504064  100000.0   0   0   0     0     0     0     0     0
  501  0.00  0.000000  0.429552  100000.0   0   0   0     0     0     0     0     0
  502  0.04  0.000000  0.318344  100000.0   0   0   0     0     0     0     0     0
  503  0.00  0.000000  0.204154  100000.0   0   0   0     0     0     0     0     0
  504  0.39  0.000000  0.139049  100000.0   0   0   0     0     0     0     0     0
  505  1.44  0.000000  0.273176  100000.0   0   0   0     0     0     0     0     0
  506  2.54  0.000000  0.041320  100000.0   0   0   0     0     0     0     0     0
  507  0.66  0.000000  0.109866  100000.0   0   0   0     0     0     0     0     0
  508  0.00  0.000000  0.311123  100000.0   0   0   0     0     0     0     0     0
  509  0.00  0.000000  0.208113  100000.0   0   0   0     0     0     0     0     0
  510  0.19  0.007289  0.448202  100000.0   0   0   0     0     0     0     0     0
  511  0.00  0.008898  0.405177  100000.0   0   0   0     0     0     0     0     0
  512  0.00  0.012576  0.440559  100000.0   0   0   0     0     0     0     0     0
  513  0.00  0.000000  0.542387  100000.0   0   0   0     0     0     0     0     0
  514  0.00  0.000000  0.528400  100000.0   0   0   0     0     0     0     0     0
  515  0.00  0.000000  0.418020  100000.0   0   0   0     0     0     0     0     0
  516  0.13  0.008699  0.434067  100000.0   0   0   0     0     0     0     0     0
  517  0.00  0.056655  0.461121  100000.0   0   0   0     0     0     0     0     0
  518  0.00  0.016187  0.478643  100000.0   0   0   0     0     0     0     0     0
  519  0.01  0.000000  0.348763  100000.0   0   0   0     0     0     0     0     0
  520  0.00  0.000000  0.334826  100000.0   0   0   0     0     0     0     0     0
  521  1.17  0.000000  0.233084  100000.0   0   0   0     0     0     0     0     0
  522  2.30  0.000000  0.052017  100000.0   0   0   0     0     0     0     0     0
  523  0.98  0.000000  0.209392  100000.0   0   0   0     0     0     0     0     0
  524  0.06  0.000000  0.243498  100000.0   0   0   0     0     0     0     0     0
  525  3.04  0.000000  0.222300  100000.0   0   0   0     0     0     0     0     0
  526  0.05  0.022755  0.410857  100000.0   0   0   0     0     0     0     0     0
  527  0.00  0.014509  0.508562  100000.0   0   0   0     0     0     0     0     0
  528  0.52  0.000000  0.343033  100000.0   0   0   0     0     0     0     0     0
  529  0.25  0.000000  0.141578  100000.0   0   0   0     0     0     0     0     0
  530  0.72  0.000000  0.086964  100000.0   0   0   0     0     0     0     0     0
  531  0.38  0.000000  0.246493  100000.0   0   0   0     0     0     0     0     0
  532  0.01  0.000000  0.363446  100000.0   0   0   0     0     0     0     0     0
  533  0.00  0.000000  0.307880  100000.0   0   0   0     0     0     0     0     0
  534  0.03  0.000000  0.227889  100000.0   0   0   0     0     0     0     0     0
  535  2.30  0.000000  0.325541  100000.0   0   0   0     0     0     0     0     0
  536  0.01  0.010541  0.508221  100000.0   0   0   0     0     0     0     0     0
  537  0.00  0.000000  0.386386  100000.0   0   0   0     0     0     0     0     0
  538  0.04  0.000000  0.461058  100000.0   0   0   0     0     0     0     0     0
  539  0.00  0.000000  0.564519  100000.0   0   0   0     0     0     0     0     0
  540  0.31  0.000000  0.461182  100000.0   0   0   0     0     0     0     0     0
  541  1.29  0.000000  0.513423  100000.0   0   0   0     0     0     0     0     0
  542  0.02  0.004866  0.521069  100000.0   0   0   0     0     0     0     0     0
  543  0.00  0.000000  0.498111  100000.0   0   0   0     0     0     0     0     0
  544  0.67  0.000000  0.324249  100000.0   0   0   0     0     0     0     0     0
  545  0.01  0.000000  0.484877  100000.0   0   0   0     0     0     0     0     0
  546  0.00  0.000000  0.498993  100000.0   0   0   0     0     0     0     0     0
  547  0.47  0.000000  0.295992  100000.0   0   0   0     0     0     0     0     0
  548  0.01  0.024464  0.509866  100000.0   0   0   0     0     0     0     0     0
  549  0.00  0.003382  0.493471  100000.0   0   0   0     0     0     0     0     0
  550  0.00  0.000000  0.508744  100000.0   0   0   0     0     0     0     0     0
  551  0.62  0.000000  0.379077  100000.0   0   0   0     0     0     0     0     0
  552  0.00  0.010081  0.443088  100000.0   0   0   0     0     0     0     0     0
  553  0.18  0.000000  0.508121  100000.0   0   0   0     0     0     0     0     0
  554  0.61  0.000000  0.485887  100000.0   0   0   0     0     0     0     0     0
  555  0.36  0.000000  0.125311  100000.0   0   0   0     0     0     0     0     0
  556  0.25  0.000000  0.313451  100000.0   0   0   0     0     0     0     0     0
  557  0.01  0.017138  0.476344  100000.0   0   0   0     0     0     0     0     0
  558  0.00  0.000000  0.539826  100000.0   0   0   0     0     0     0     0     0
  559  0.00  0.000000  0.523258  100000.0   0   0   0     0     0     0     0     0
  560  0.09  0.000000  0.308707  100000.0   0   0   0     0     0     0     0     0
  561  5.47  0.000000  0.104542  100000.0   0   0   0     0     0     0     0     0
  562  0.01  0.000000  0.361071  100000.0   0   0   0     0     0     0     0     0
  563  0.00  0.000000  0.506753  100000.0   0   0   0     0     0     0     0     0
  564  0.68  0.000000  0.404563  100000.0   0   0   0     0     0     0     0     0
  565  1.88  0.000000  0.257783  100000.0   0   0   0     0     0     0     0     0
  566  0.00  0.006840  0.512444  100000.0   0   0   0     0     0     0     0     0
  567  0.97  0.000000  0.447350  100000.0   0   0   0     0     0     0     0     0
  568  1.25  0.000000  0.119217  100000.0   0   0   0     0     0     0     0     0
  569  0.01  0.000000  0.315571  100000.0   0   0   0     0     0     0     0     0
  570  0.86  0.000000  0.109331  100000.0   0   0   0     0     0     0     0     0
  571  0.00  0.000000  0.253837  100000.0   0   0   0     0     0     0     0     0
  572  0.00  0.000000  0.245187  100000.0   0   0   0     0     0     0     0     0
  573  0.00  0.000000  0.367219  100000.0   0   0   0     0     0     0     0     0
  574  0.15  0.000000  0.409632  100000.0   0   0   0     0     0     0     0     0
  575  0.01  0.027013  0.474823  100000.0   0   0   0     0     0     0     0     0
  576  0.00  0.016114  0.473845  100000.0   0   0   0     0     0     0     0     0
  577  0.23  0.000000  0.398552  100000.0   0   0   0     0     0     0     0     0
  578  0.01  0.000000  0.328563  100000.0   0   0   0     0     0     0     0     0
  579  0.00  0.000000  0.470085  100000.0   0   0   0     0     0     0     0     0
  580  1.20  0.000000  0.356278  100000.0   0   0   0     0     0     0     0     0
  581  0.01  0.022621  0.462662  100000.0   0   0   0     0     0     0     0     0
  582  0.98  0.000000  0.447397  100000.0   0   0   0     0     0     0     0     0
  583  0.24  0.000000  0.190647  100000.0   0   0   0     0     0     0     0     0
  584  0.00  0.025410  0.446274  100000.0   0   0   0     0     0     0     0     0
  585  0.00  0.019491  0.462320  100000.0   0   0   0     0     0     0     0     0
  586  3.85  0.000000  0.245252  100000.0   0   0   0     0     0     0     0     0
  587  1.17  0.000000  0.350355  100000.0   0   0   0     0     0     0     0     0
  588  0.01  0.039374  0.423513  100000.0   0   0   0     0     0     0     0     0
  589  0.00  0.022993  0.437618  100000.0   0   0   0     0     0     0     0     0
  590  0.01  0.000000  0.422046  100000.0   0   0   0     0     0     0     0     0
  591  0.00  0.000000  0.425462  100000.0   0   0   0     0     0     0     0     0
  592  0.06  0.036947  0.416406  100000.0   0   0   0     0     0     0     0     0
  593  2.33  0.000000  0.344292  100000.0   0   0   0     0     0     0     0     0
  594  1.89  0.000000  0.175130  100000.0   0   0   0     0     0     0     0     0
  595  0.00  0.035063  0.316734  100000.0   0   0   0     0     0     0     0     0
  596  0.01  0.035821  0.404553  100000.0   0   0   0     0     0     0     0     0
  597  0.00  0.041355  0.409763  100000.0   0   0   0     0     0     0     0     0
  598  0.25  0.000000  0.303755  100000.0   0   0   0     0     0     0     0     0
  599  0.02  0.027720  0.352167  100000.0   0   0   0     0     0     0     0     0
  600  0.00  0.028154  0.395725  100000.0   0   0   0     0     0     0     0     0
  601  3.93  0.000000  0.118989  100000.0   0   0   0     0     0     0     0     0
  602  1.32  0.001232  0.335756  100000.0   0   0   0     0     0     0     0     0
  603  0.01  0.053199  0.345846  100000.0   0   0   0     0     0     0     0     0
  604  0.00  0.059697  0.363881  100000.0   0   0   0     0     0     0     0     0
  605  0.00  0.054473  0.372938  100000.0   0   0   0     0     0     0     0     0
  606  0.00  0.048403  0.354112  100000.0   0   0   0     0     0     0     0     0
  607  0.00  0.036683  0.344786  100000.0   0   0   0     0     0     0     0     0
  608  0.01  0.000000  0.216172  100000.0   0   0   0     0     0     0     0     0
  609  0.00  0.000000  0.222049  100000.0   0   0   0     0     0     0     0     0
  610  0.00  0.041711  0.281462  100000.0   0   0   0     0     0     0     0     0
  611  0.00  0.037646  0.296643  100000.0   0   0   0     0     0     0     0     0
  612  0.00  0.031725  0.337927  100000.0   0   0   0     0     0     0     0     0
  613  0.00  0.000000  0.291803  100000.0   0   0   0     0     0     0     0     0
  614  0.00  0.000000  0.344858  100000.0   0   0   0     0     0     0     0     0
  615  0.00  0.000000  0.344080  100000.0   0   0   0     0     0     0     0     0
  616  0.23  0.000000  0.275953  100000.0   0   0   0     0     0     0     0     0
  617  0.85  0.022945  0.279434  100000.0   0   0   0     0     0     0     0     0
  618  0.01  0.049151  0.318537  100000.0   0   0   0     0     0     0     0     0
  619  0.00  0.050680  0.283923  100000.0   0   0   0     0     0     0     0     0
  620  0.01  0.043294  0.311690  100000.0   0   0   0     0     0     0     0     0
  621  4.86  0.000000  0.268640  100000.0   0   0   0     0     0     0     0     0
  622  0.13  0.000000  0.072568  100000.0   0   0   0     0     0     0     0     0
  623  0.39  0.000000  0.051797  100000.0   0   0   0     0     0     0     0     0
  624  0.64  0.000000  0.102087  100000.0   0   0   0     0     0     0     0     0
  625  0.00  0.000000  0.069467  100000.0   0   0   0     0     0     0     0     0
  626  0.00  0.032111  0.213438  100000.0   0   0   0     0     0     0     0     0
  627  0.00  0.056876  0.200421  100000.0   0   0   0     0     0     0     0     0
  628  0.00  0.043992  0.191131  100000.0   0   0   0     0     0     0     0     0
  629  0.00  0.000000  0.128016  100000.0   0   0   0     0     0     0     0     0
  630  0.00  0.000000  0.133887  100000.0   0   0   0     0     0     0     0     0
  631  0.23  0.001695  0.130105  100000.0   0   0   0     0     0     0     0     0
  632  0.01  0.006261  0.142446  100000.0   0   0   0     0     0     0     0     0
  633  0.00  0.024455  0.186390  100000.0   0   0   0     0     0     0     0     0
  634  1.64  0.000000  0.062577  100000.0   0   0   0     0     0     0     0     0
  635  0.01  0.000000  0.087525  100000.0   0   0   0     0     0     0     0     0
  636  0.00  0.000000  0.081671  100000.0   0   0   0     0     0     0     0     0
  637  0.00  0.004567  0.128437  100000.0   0   0   0     0     0     0     0     0
  638  0.00  0.068710  0.177877  100000.0   0   0   0     0     0     0     0     0
  639  0.00  0.055146  0.183536  100000.0   0   0   0     0     0     0     0     0
  640  0.00  0.000000  0.186801  100000.0   0   0   0     0     0     0     0     0
  641  0.00  0.027434  0.142668  100000.0   0   0   0     0     0     0     0     0
  642  2.85  0.000000  0.019244  100000.0   0   0   0     0     0     0     0     0
  643  0.58  0.000000  0.096884  100000.0   0   0   0     0     0     0     0     0
  644  0.00  0.058716  0.165387  100000.0   0   0   0     0     0     0     0     0
  645  0.00  0.053813  0.141200  100000.0   0   0   0     0     0     0     0     0
  646  0.02  0.040612  0.156583  100000.0   0   0   0     0     0     0     0     0
  647  0.00  0.080799  0.145206  100000.0   0   0   0     0     0     0     0     0
  648  0.00  0.075001  0.143948  100000.0   0   0   0     0     0     0     0     0
  649  0.16  0.073431  0.153518  100000.0   0   0   0     0     0     0     0     0
  650  0.00  0.085364  0.136857  100000.0   0   0   0     0     0     0     0     0
  651  0.00  0.091694  0.130688  100000.0   0   0   0     0     0     0     0     0
  652  0.01  0.078010  0.137516  100000.0   0   0   0     0     0     0     0     0
  653  0.00  0.076742  0.120979  100000.0   0   0   0     0     0     0     0     0
  654  0.00  0.048455  0.119885  100000.0   0   0   0     0     0     0     0     0
  655  0.00  0.032993  0.148233  100000.0   0   0   0     0     0     0     0     0
  656  0.40  0.000000  0.061883  100000.0   0   0   0     0     0     0     0     0
  657  0.00  0.045169  0.117791  100000.0   0   0   0     0     0     0     0     0
  658  0.00  0.065332  0.085689  100000.0   0   0   0     0     0     0     0     0
  659  0.00  0.092652  0.093163  100000.0   0   0   0     0     0     0     0     0
  660  0.00  0.075743  0.089996  100000.0   0   0   0     0     0     0     0     0
  661  0.00  0.078428  0.096466  100000.0   0   0   0     0     0     0     0     0
  662  0.00  0.000000  0.029286  100000.0   0   0   0     0     0     0     0     0
  663  0.00  0.002413  0.078920  100000.0   0   0   0     0     0     0     0     0
  664  0.00  0.000000  0.036332  100000.0   0   0   0     0     0     0     0     0
  665  0.00  0.000000  0.029759  100000.0   0   0   0     0     0     0     0     0
  666  0.00  0.017441  0.062876  100000.0   0   0   0     0     0     0     0     0
  667  0.00  0.015049  0.090954  100000.0   0   0   0     0     0     0     0     0
  668  0.01  0.000000  0.085213  100000.0   0   0   0     0     0     0     0     0
  669  0.24  0.000000  0.108301  100000.0   0   0   0     0     0     0     0     0
  670  0.00  0.000000  0.052520  100000.0   0   0   0     0     0     0     0     0
  671  0.70  0.012098  0.068366  100000.0   0   0   0     0     0     0     0     0
  672  0.01  0.000000  0.039747  100000.0   0   0   0     0     0     0     0     0
  673  0.00  0.050707  0.067769  100000.0   0   0   0     0     0     0     0     0
  674  0.00  0.001483  0.054085  100000.0   0   0   0     0     0     0     0     0
  675  0.19  0.043243  0.081594  100000.0   0   0   0     0     0     0     0     0
  676  0.12  0.034404  0.063365  100000.0   0   0   0     0     0     0     0     0
  677  0.94  0.000000  0.035656  100000.0   0   0   0     0     0     0     0     0
  678  0.84  0.000000  0.018023  100000.0   0   0   0     0     0     0     0     0
  679  0.00  0.057642  0.050063  100000.0   0   0   0     0     0     0     0     0
  680  0.00  0.016957  0.054025  100000.0   0   0   0     0     0     0     0     0
  681  0.00  0.000000  0.041952  100000.0   0   0   0     0     0     0     0     0
  682  0.00  0.000000  0.022735  100000.0   0   0   0     0     0     0     0     0
  683  0.68  0.000000  0.014520  100000.0   0   0   0     0     0     0     0     0
  684  0.07  0.000000  0.017541  100000.0   0   0   0     0     0     0     0     0
  685  0.00  0.025128  0.041238  100000.0   0   0   0     0     0     0     0     0
  686  0.00  0.054428  0.032651  100000.0   0   0   0     0     0     0     0     0
  687  0.06  0.007270  0.065295  100000.0   0   0   0     0     0     0     0     0
  688  0.00  0.068959  0.021207  100000.0   0   0   0     0     0     0     0     0
  689  0.00  0.053548  0.023156  100000.0   0   0   0     0     0     0     0     0
  690  0.00  0.053388  0.032486  100000.0   0   0   0     0     0     0     0     0
  691  0.25  0.000000  0.022178  100000.0   0   0   0     0     0     0     0     0
  692  0.00  0.000000  0.065786  100000.0   0   0   0     0     0     0     0     0
  693  0.00  0.006565  0.069808  100000.0   0   0   0     0     0     0     0     0
  694  0.28  0.000000  0.020262  100000.0   0   0   0     0     0     0     0     0
  695  0.00  0.000000  0.021946  100000.0   0   0   0     0     0     0     0     0
  696  0.00  0.060815  0.011646  100000.0   0   0   0     0     0     0     0     0
  697  0.00  0.063464  0.011737  100000.0   0   0   0     0     0     0     0     0
  698  0.38  0.001643  0.022131  100000.0   0   0   0     0     0     0     0     0
  699  0.59  0.021821  0.024121  100000.0   0   0   0     0     0     0     0     0
  700  0.31  0.007273  0.025364  100000.0   0   0   0     0     0     0     0     0
  701  0.96  0.000000  0.020715  100000.0   0   0   0     0     0     0     0     0
  702  0.08  0.022128  0.025553  100000.0   0   0   0     0     0     0     0     0
  703  0.27  0.000000  0.027508  100000.0   0   0   0     0     0     0     0     0
  704  0.00  0.000000  0.020868  100000.0   0   0   0     0     0     0     0     0
  705  0.01  0.000000  0.019545  100000.0   0   0   0     0     0     0     0     0
  706  0.02  0.000000  0.026456  100000.0   0   0   0     0     0     0     0     0
  707  0.00  0.017598  0.022044  100000.0   0   0   0     0     0     0     0     0
  708  0.00  0.041649  0.010393  100000.0   0   0   0     0     0     0     0     0
  709  0.00  0.074059 -0.001966  100000.0   0   0   0     0     0     0     0     0
  710  0.00  0.000000  0.023263  100000.0   0   0   0     0     0     0     0     0
  711  1.75  0.000000  0.007034  100000.0   0   0   0     0     0     0     0     0
  712  1.75  0.000000  0.006351  100000.0   0   0   0     0     0     0     0     0
  713  0.68  0.000000  0.009388  100000.0   0   0   0     0     0     0     0     0
  714  0.06  0.000000  0.006451  100000.0   0   0   0     0     0     0     0     0
  715  0.17  0.000000  0.008900  100000.0   0   0   0     0     0     0     0     0
  716  0.07  0.000000  0.022032  100000.0   0   0   0     0     0     0     0     0
  717  0.73  0.000000  0.013778  100000.0   0   0   0     0     0     0     0     0
  718  1.50  0.000000  0.005786  100000.0   0   0   0     0     0     0     0     0
  719  0.35  0.000000  0.029838  100000.0   0   0   0     0     0     0     0     0
  720  0.00  0.003063  0.022436  100000.0   0   0   0     0     0     0     0     0
  721  0.01  0.070780  0.004791  100000.0   0   0   0     0     0     0     0     0
  722  0.00  0.011072  0.018078  100000.0   0   0   0     0     0     0     0     0
  723  0.00  0.069517  0.001211  100000.0   0   0   0     0     0     0     0     0
  724  0.00  0.041259  0.015168  100000.0   0   0   0     0     0     0     0     0
  725  0.22  0.000000  0.005780  100000.0   0   0   0     0     0     0     0     0
  726  0.00  0.025118  0.015524  100000.0   0   0   0     0     0     0     0     0
  727  0.00  0.000000  0.013360  100000.0   0   0   0     0     0     0     0     0
  728  0.00  0.011233  0.020433  100000.0   0   0   0     0     0     0     0     0
  729  0.00  0.000000  0.016548  100000.0   0   0   0     0     0     0     0     0
  730  0.00  0.018448  0.017565  100000.0   0   0   0     0     0     0     0     0
  731  0.00  0.000000  0.017329  100000.0   0   0   0     0     0     0     0     0
end*** END OF INPUT FILE ATMOSPH.IN **********************************
